GCA_000296795.1 3 1 0 1 
GCA_000315095.1 1 0 0 0 
GCA_000315115.1 1 0 0 0 
GCA_000786775.1 2 0 0 0 
GCA_000949635.1 3 2 0 0 
GCA_000987375.1 1 0 0 0 
GCA_001567345.1 0 0 0 0 
GCA_001723765.1 2 1 0 0 
GCA_001753675.2 1 0 0 0 
GCA_001824485.1 0 0 0 0 
GCA_001824505.1 0 0 0 0 
GCA_001824525.1 1 0 0 0 
GCA_001824595.1 0 0 0 0 
GCA_001824605.1 0 0 0 0 
GCA_001825595.1 0 0 0 0 
GCA_001825635.1 0 0 0 0 
GCA_001825655.1 0 0 0 0 
GCA_001828295.1 0 0 0 0 
GCA_001828365.1 0 0 0 0 
GCA_001828385.1 1 0 0 0 
GCA_001828415.1 0 0 0 0 
GCA_001828435.1 0 0 0 0 
GCA_001828515.1 1 0 0 0 
GCA_001828535.1 0 0 0 0 
GCA_001828545.1 0 0 0 0 
GCA_001828565.1 2 0 0 0 
GCA_001828595.1 2 0 0 0 
GCA_001828605.1 1 0 0 0 
GCA_001828645.1 1 0 0 0 
GCA_001828665.1 0 0 0 0 
GCA_001828685.1 0 0 0 0 
GCA_001830275.1 1 0 0 0 
GCA_001830285.1 0 0 0 0 
GCA_001830315.1 0 0 0 0 
GCA_002009475.1 1 0 0 0 
GCA_002050315.1 1 0 0 0 
GCA_002050325.1 1 0 0 0 
GCA_002418245.1 0 0 0 0 
GCA_002443295.1 2 1 0 0 
GCA_002632345.1 2 0 0 0 
GCA_002632395.1 0 0 0 0 
GCA_002848945.1 1 0 0 0 
GCA_003230645.1 0 0 0 0 
GCA_003545295.1 1 0 0 0 
GCA_003577195.1 0 0 0 0 
GCA_003577215.1 1 0 0 0 
GCA_004282735.1 1 0 0 0 
GCA_004282745.1 1 0 0 0 
GCA_004351875.1 1 0 0 0 
GCA_005524015.1 2 0 0 0 
GCA_007618135.1 2 1 0 0 
GCA_007618145.1 1 0 0 0 
GCA_007618155.1 1 0 0 0 
GCA_007859995.1 0 0 0 0 
GCA_007860005.1 2 1 0 0 
GCA_008363395.1 1 0 0 0 
GCA_008363445.1 0 0 0 0 
GCA_008501815.1 1 0 0 0 
GCA_008636105.1 2 1 0 0 
GCA_008933285.1 1 0 0 0 
GCA_900232105.1 3 1 0 0 
GCA_900232175.1 4 2 0 0 
GCA_900696475.1 1 0 0 0 
GCA_900696655.1 0 0 0 0 
GCA_900696675.1 1 0 0 0 
I106_S100 1 0 0 0 
I144_S100 1 0 0 0 
I145_S100 1 0 1 0 
I195_S100 1 0 0 0 
I196_S100 1 0 0 0 
I197_S100 2 1 0 0 
I198_S100 0 0 0 0 
I247_S100 1 0 0 0 
I248_S100 1 0 1 0 
I249_S100 1 0 0 0 
I250_S100 1 0 0 0 
I251_S100 3 1 2 0 
I252_S100 2 0 2 0 
I303_S91 1 0 1 0 
I304_S100 1 0 1 0 
I305_S100 1 0 0 0 
I306_S100 1 0 0 0 
I307_S1 1 0 0 0 
I308_S100 2 0 2 0 
I309_S100 2 0 1 0 
I368_S100 2 1 1 0 
I369_S91 0 0 0 0 
I370_S100 2 1 0 0 
I371_S100 2 1 0 0 
I372_S100 1 0 0 0 
I373_S100 1 0 0 0 
I427_S100 2 0 2 0 
I428_S100 1 0 1 0 
I429_S69 0 0 0 0 
I430_S100 0 0 0 0 
I431_S100 2 0 1 0 
I432_S100 2 0 2 0 
I433_S100 2 0 2 0 
I434_S100 2 0 2 0 
I435_S100 1 0 0 0 
I436_S100 1 0 0 0 
I437_S100 1 0 1 0 
I497_S100 1 0 0 0 
I498_S100 1 0 0 0 
I499_S100 2 1 1 0 
I500_S100 0 0 0 0 
I501_S100 0 0 0 0 
I502_S75 0 0 0 0 
I503_S100 1 0 0 0 
I504_S100 1 0 1 0 
I505_S100 2 1 1 0 
I551_S100 1 0 0 0 
I552_S100 1 0 0 0 
I553_S100 1 0 0 0 
I554_S100 1 0 0 0 
I555_S100 2 0 2 0 
I556_S100 0 0 0 0 
I557_S100 0 0 0 0 
I558_S75 0 0 0 0 
I559_S100 2 1 0 0 
I560_S99 0 0 0 0 
I561_S100 1 0 1 0 
I608_S100 1 0 0 0 
I609_S100 1 0 0 0 
I610_S100 1 0 0 0 
I611_S100 1 0 1 0 
I612_S100 0 0 0 0 
I613_S75 0 0 0 0 
I614_S78 0 0 0 0 
